
Graph 1, order 8.
  0 : 7;
  1 : 7;
  2 : 7;
  3 : 7;
  4 : 7;
  5 : 7;
  6 : 7;
  7 : 0 1 2 3 4 5 6;

Graph 2, order 8.
  0 : 6 7;
  1 : 7;
  2 : 7;
  3 : 7;
  4 : 7;
  5 : 7;
  6 : 0;
  7 : 0 1 2 3 4 5;

Graph 3, order 8.
  0 : 6 7;
  1 : 6;
  2 : 7;
  3 : 7;
  4 : 7;
  5 : 7;
  6 : 0 1;
  7 : 0 2 3 4 5;

Graph 4, order 8.
  0 : 6;
  1 : 6;
  2 : 7;
  3 : 7;
  4 : 7;
  5 : 7;
  6 : 0 1 7;
  7 : 2 3 4 5 6;

Graph 5, order 8.
  0 : 6 7;
  1 : 6;
  2 : 6;
  3 : 7;
  4 : 7;
  5 : 7;
  6 : 0 1 2;
  7 : 0 3 4 5;

Graph 6, order 8.
  0 : 6;
  1 : 6;
  2 : 6;
  3 : 7;
  4 : 7;
  5 : 7;
  6 : 0 1 2 7;
  7 : 3 4 5 6;

Graph 7, order 8.
  0 : 5 7;
  1 : 6 7;
  2 : 7;
  3 : 7;
  4 : 7;
  5 : 0;
  6 : 1;
  7 : 0 1 2 3 4;

Graph 8, order 8.
  0 : 5 6 7;
  1 : 6;
  2 : 7;
  3 : 7;
  4 : 7;
  5 : 0;
  6 : 0 1;
  7 : 0 2 3 4;

Graph 9, order 8.
  0 : 5 6;
  1 : 6 7;
  2 : 7;
  3 : 7;
  4 : 7;
  5 : 0;
  6 : 0 1;
  7 : 1 2 3 4;

Graph 10, order 8.
  0 : 5 7;
  1 : 6 7;
  2 : 6;
  3 : 7;
  4 : 7;
  5 : 0;
  6 : 1 2;
  7 : 0 1 3 4;

Graph 11, order 8.
  0 : 5 7;
  1 : 6;
  2 : 6;
  3 : 7;
  4 : 7;
  5 : 0;
  6 : 1 2 7;
  7 : 0 3 4 6;

Graph 12, order 8.
  0 : 5 6;
  1 : 6;
  2 : 6;
  3 : 7;
  4 : 7;
  5 : 0 7;
  6 : 0 1 2;
  7 : 3 4 5;

Graph 13, order 8.
  0 : 5 7;
  1 : 6 7;
  2 : 6;
  3 : 6;
  4 : 7;
  5 : 0;
  6 : 1 2 3;
  7 : 0 1 4;

Graph 14, order 8.
  0 : 5 6;
  1 : 5 7;
  2 : 6;
  3 : 7;
  4 : 7;
  5 : 0 1;
  6 : 0 2;
  7 : 1 3 4;

Graph 15, order 8.
  0 : 5 7;
  1 : 5;
  2 : 6 7;
  3 : 6;
  4 : 7;
  5 : 0 1;
  6 : 2 3;
  7 : 0 2 4;

Graph 16, order 8.
  0 : 5;
  1 : 5;
  2 : 6 7;
  3 : 6;
  4 : 7;
  5 : 0 1 7;
  6 : 2 3;
  7 : 2 4 5;

Graph 17, order 8.
  0 : 5;
  1 : 5;
  2 : 6;
  3 : 6;
  4 : 7;
  5 : 0 1 7;
  6 : 2 3 7;
  7 : 4 5 6;

Graph 18, order 8.
  0 : 4 7;
  1 : 5 7;
  2 : 6 7;
  3 : 7;
  4 : 0;
  5 : 1;
  6 : 2;
  7 : 0 1 2 3;

Graph 19, order 8.
  0 : 4 6 7;
  1 : 5 7;
  2 : 6;
  3 : 7;
  4 : 0;
  5 : 1;
  6 : 0 2;
  7 : 0 1 3;

Graph 20, order 8.
  0 : 4 6;
  1 : 5 7;
  2 : 6 7;
  3 : 7;
  4 : 0;
  5 : 1;
  6 : 0 2;
  7 : 1 2 3;

Graph 21, order 8.
  0 : 4 7;
  1 : 5 7;
  2 : 6 7;
  3 : 6;
  4 : 0;
  5 : 1;
  6 : 2 3;
  7 : 0 1 2;

Graph 22, order 8.
  0 : 4 7;
  1 : 5 7;
  2 : 6;
  3 : 6;
  4 : 0;
  5 : 1;
  6 : 2 3 7;
  7 : 0 1 6;

Graph 23, order 8.
  0 : 4 7;
  1 : 5 6;
  2 : 5 7;
  3 : 6;
  4 : 0;
  5 : 1 2;
  6 : 1 3;
  7 : 0 2;
